61
61
61
61
61
61
61
61
61
61
61
61
62
62
62
62
62
61
61
61
61
61
61
61
59
60
60
60
60
60
60
59
62
65
64
66
66
67
66
65
65
66
66
67
66
63
63
62
61
61
60
60
59
58
64
64
64
65
65
65
65
65
63
62
62
60
61
60
59
59
59
57
56
56
55
55
56
55
55
55
54
55
53
53
52
52
54
53
53
53
53
53
54
54
54
53
51
51
53
52
52
52
52
52
52
27
27
27
27
27
27
27
27
27
27
27
27
27
27
27
27
28
28
28
28
28
28
28
28
28
28
28
28
28
28
28
28
28
28
28
28
28
28
28
28
28
28
28
28
28
28
28
28
28
28
28
28
28
28
28
28
28
28
28
28
27
27
28
28
28
28
28
28
28
28
28
28
28
28
28
28
28
28
28
28
28
28
28
28
28
28
28
28
28
28
28
28
28
28
28
28
28
28
28
28
28
28
28
28
28
28
28
28
28
28
28
28
28
28
28
28
28
28
28
28
28
28
28
28
28
28
28
28
28
28
28
28
28
28
28
28
28
28
28
28
28
28
28
28
28
28
28
28
28
28
28
28
28
28
28
28
28
28
28
28
28
28
28
28
28
28
28
28
28
28
28
28
28
28
28
28
28
28
28
28
28
28
28
28
28
28
28
28
28
28
28
29
29
29
29
29
29
29
29
29
29
29
29
29
29
29
34
34
34
34
34
34
34
34
34
34
34
34
34
34
34
34
34
34
34
31
31
31
31
31
31
31
32
33
33
33
35
35
35
35
35
34
34
33
32
32
32
32
33
34
34
34
35
35
35
36
35
35
35
35
35
35
35
35
34
33
33
33
33
34
33
33
33
33
33
33
33
33
32
32
32
32
32
32
33
33
33
33
33
35
35
33
33
33
33
33
34
34
34
34
35
35
35
36
35
36
35
32
31
30
31
31
31
30
31
32
33
33
34
33
32
32
32
32
32
33
33
32
34
34
34
34
34
34
34
34
34
34
34
34
34
34
33
33
31
31
31
31
31
31
31
32
35
38
34
33
34
33
32
30
30
30
30
29
29
30
30
31
31
30
31
34
33
32
32
31
30
31
31
28
29
28
29
30
31
30
30
30
29
28
27
28
27
27
27
26
25
25
25
26
26
26
26
26
22
22
22
22
22
22
22
22
22
22
22
22
22
22
22
22
22
22
22
22
22
16
16
16
16
16
16
16
16
16
16
16
16
16
16
16
16
16
16
16
16
16
16
16
16
16
16
16
16
16
16
16
16
16
16
16
16
16
16
16
16
16
16
16
16
16
16
16
16
16
17
18
18
18
18
18
18
18
18
18
18
18
18
19
19
19
19
19
20
20
21
22
21
20
19
19
19
19
21
21
21
22
22
22
22
22
22
22
22
22
23
23
22
21
22
23
23
23
22
22
22
22
21
21
21
21
21
20
20
20
20
21
21
21
21
21
21
22
22
22
22
22
22
22
22
22
22
22
22
22
21
21
21
21
21
22
22
22
20
19
19
19
20
21
21
21
21
21
21
21
21
21
21
22
22
21
21
21
21
21
21
21
21
21
21
21
20
20
20
20
20
20
20
20
20
20
20
20
20
20
20
20
21
21
21
21
21
21
21
21
21
21
21
21
21
21
21
21
21
21
21
21
21
22
22
22
22
21
21
22
22
22
21
20
20
20
20
20
21
22
22
22
22
22
23
23
23
23
23
22
22
22
22
22
22
22
22
22
22
22
22
22
22
21
22
21
18
17
16
16
18
19
18
16
17
17
17
17
17
17
17
17
17
17
17
17
17
17
17
17
17
17
17
19
17
17
17
18
17
17
18
18
18
18
19
19
19
19
19
19
18
18
18
18
18
18
18
22
23
23
23
23
23
23
23
23
23
23
22
22
22
23
24
24
24
24
24
22
22
22
22
22
23
24
24
25
25
25
25
24
25
25
25
25
23
20
20
20
20
19
19
19
19
19
19
19
19
19
19
19
19
19
20
23
23
23
23
23
23
23
23
23
23
23
20
17
17
18
18
18
18
18
18
18
18
18
18
17
16
16
16
16
16
16
16
16
16
17
17
17
16
16
15
15
15
15
15
16
16
16
16
16
16
16
16
16
16
17
17
17
16
16
16
16
15
16
16
17
17
17
17
17
17
17
17
15
15
15
15
15
15
16
16
16
16
16
16
16
15
15
15
17
17
17
17
17
17
17
17
17
17
17
17
18
18
18
18
18
18
18
18
18
18
18
18
18
18
18
18
18
18
18
18
18
18
18
18
18
18
18
18
18
18
18
18
18
18
18
18
18
18
18
18
17
17
17
17
18
18
18
16
16
16
16
16
16
16
16
16
16
16
16
15
16
15
16
16
16
16
16
16
16
16
17
17
17
17
17
17
17
17
16
17
18
18
17
17
17
17
17
17
17
16
15
15
15
15
15
16
16
16
17
18
19
19
20
20
21
21
19
19
19
19
19
19
19
18
18
18
18
18
18
18
21
21
23
23
23
23
23
23
23
23
23
24
25
27
27
27
27
27
27
26
26
25
25
25
25
24
23
23
24
24
24
24
23
26
26
26
26
26
26
26
25
25
25
25
25
24
24
23
23
23
23
23
23
23
23
22
22
21
21
21
21
21
21
21
21
21
21
20
19
20
21
21
22
22
23
23
23
22
22
22
22
23
23
23
21
21
19
20
22
22
22
22
22
23
23
24
24
24
24
25
25
25
24
19
18
18
18
18
18
18
20
20
20
20
21
19
19
20
21
20
20
20
20
19
19
19
22
21
21
21
21
21
21
21
21
21
21
21
20
20
20
20
20
20
20
20
20
20
20
19
17
17
17
17
17
17
17
17
17
18
18
18
18
18
17
17
17
17
17
17
17
17
17
17
17
17
17
17
17
17
17
17
17
17
17
17
17
17
17
17
17
17
17
17
16
16
16
16
15
16
16
16
16
16
16
16
16
17
18
18
17
17
17
17
17
17
17
17
17
17
17
18
18
18
18
18
18
19
19
19
19
19
19
19
19
19
19
19
19
19
19
19
21
18
19
20
19
19
21
22
22
22
22
22
22
22
22
22
22
21
22
23
23
22
22
22
22
22
22
22
23
23
23
23
23
23
23
23
24
25
25
25
25
24
23
24
26
26
25
24
24
25
25
25
26
25
25
24
24
23
23
24
24
24
24
24
24
24
25
24
23
23
23
23
23
24
24
23
22
22
23
24
21
21
19
18
19
19
19
19
19
19
18
18
18
18
17
17
17
17
17
17
17
